Herring in Sub-area IV, Divisions VIId & IIIa (autumn-spawners) (14/Mar/2017 17:00)
     106
HERAS
    1989      2016
       1         1      0.54    0.56
       1         9
       1        -1   4090000 3903000 1633000  492000  283000  120000   44000   22000
       1        -1   3306000 3521000 3414000 1366000  392000  210000  133000   43000
       1        -1   2634000 1700000 1959000 1849000  644000  228000   94000   51000
       1        -1   3734000 1378000 1147000 1134000 1246000  395000  114000  104000
       1        -1   2984000 1637000  902000  741000  777000  551000  180000  116000
       1        -1   3185000  839000  399000  381000  321000  326000  219000  131000
       1        -1   3849000 2041000  672000  299000  203000  138000  119000   93000
       1        -1   4497000 2824000 1087000  311000   99000   83000  133000  206000
       1   9361000   5960000 2935000 1441000  601000  215000   46000   78000  159000
       1   4449000   5747000 2520000 1625000  982000  445000  170000   45000  121000
       1   5087000   3078000 4725000 1116000  506000  314000  139000   54000   87000
       1  24736000   2923000 2156000 3140000 1007000  483000  266000  120000   97000
       1   6837000  12290000 3083000 1462000 1676000  450000  170000   98000   59000
       1  23055000   4875000 8220000 1390000  794600 1031000  244400  121000  149500
       1   9829400  18949400 3081000 4188900  675100  494800  568300  145500  177700
       1   5183700   3415900 9191800 2167300 2590700  317100  327600  342050  185600
       1   3114100   2055100 3648500 5789600 1212900 1174900  139900  126500  106700
       1   6822800   3772300 1997200 2097500 4175100  618200  562100   84300   70400
       1   6261000   2750000 1848000  898000  806000 1323000  243000  152000   65000
       1   3714000   2853000 1709000 1485000  809000  712000 1749000  185000  270000
       1   4655000   5632000 2553000 1023000 1077000  674000  638000 1142000  578000
       1  14577000   4237000 4216000 2453000 1246000 1332000  688000 1110000 1619000
       1  10119000   4166000 2534000 2173000 1016000  651000  688000  440000 1297000
       1   7437000   4719000 4067000 1738000 1209000  593000  247000  218000  478000
       1   6388000   2683000 3031000 2895000 1546000  849000  464000  250000  592000
       1  11634000   4918000 2827000 2939000 1791000 1236000  669000  211000  250000
       1   6714000   9495000 2831000 1591000 1549000  926000  520000  275000  221000
       1   9034000  12011000 5832000 1273000  822000  909000  395000  220000  146000
IBTS-Q1
    1984      2017
       1         1      0.08    0.17
       1         5
       1  1515.627    161.48  61.428  26.888  10.238
       1   2097.28   721.646  281.99  42.088  27.941
       1  2662.812   782.122 276.031  79.007  28.076
       1  3692.965    917.55 116.315  59.351  48.763
       1  4394.168  4163.384 791.528  57.957  25.054
       1  2331.566   875.336 338.514  89.381   8.519
       1  1061.572   462.097  279.78 269.108  71.303
       1  1286.747    693.02 258.604 221.523 146.096
       1  1268.145   436.563 193.085   54.81  92.268
       1  2794.007   787.421 222.585  45.042  65.534
       1  1752.053  1167.221 213.059  69.004  42.503
       1  1312.789  1356.403 272.859  35.578   6.253
       1  1888.992   199.352  31.413  10.093   8.005
       1  4410.411   523.778  131.84  32.116  20.722
       1  2275.845   791.644  95.885  20.575    17.8
       1   752.862   450.616 501.316  98.181   35.57
       1  3721.308   202.292 159.308  62.672  12.011
       1  2499.353  1129.353 317.069  93.886  68.278
       1  3881.426   485.168 253.258  19.311  17.392
       1  2969.874  1534.676 442.472 354.805  43.096
       1   933.926   413.998 698.207 109.028 172.885
       1  1006.134   195.016   332.3  387.92 125.186
       1   903.6    1442.097  341.16  203.51 285.188
       1  1322.346    49.841  18.142   7.821  40.207
       1  1761.476   222.621 132.915 194.902 220.445
       1  2339.203   135.511  21.102   11.07  43.471
       1  1206.327    49.495  34.895  46.345  89.011
       1  2943.202   384.378 605.802 418.388 470.517
       1  1357.438   280.545 173.484  57.551  77.119
       1  1665.726    176.41  197.15 153.947   64.48
       1  2615.018   641.085  24.645  16.804  35.254
       1  3917.632   609.711  59.811  11.909  12.338
       1   782.249  1468.473 258.896  26.077  13.772
       1  2398.056   309.004 177.099  61.881  23.002
IBTS0
    1992      2017
       1         1      0.08    0.17
       0         0
       1     200.7
       1     190.1
       1     101.7
       1       127
       1     106.5
       1     148.1
       1      53.1
       1       244
       1     137.1
       1     214.8
       1     161.8
       1      54.4
       1      47.3
       1      61.3
       1      83.1
       1      37.2
       1      27.8
       1      95.8
       1      77.1
       1        77
       1        68
       1      50.4
       1     164.5
       1      20.9
       1      99.8
       1      22.8
IBTS-Q1s
1984 2017 
1 1  0.1008259 0.1008259 
1 6 
1 1199787.0933 128808.1803 39106.66 13358.3009 3224.8197 2796.8503
1 1782627.8798 297441.022 75598.7485 18361.2968 9051.1266 2911.8409
1 1984250.9368 102710.5035 36715.1148 15795.7259 6451.7394 4684.2664
1 3775019.938 319557.9999 44495.1361 14157.5161 8422.3169 2866.3278
1 1801439.3653 1421238.4371 164523.145 21929.1054 8596.526 2270.496
1 1997111.2238 387167.0222 153303.5092 33390.0946 4544.0801 2305.1291
1 948298.3587 292765.1223 117858.322 49479.0265 15110.9449 3410.3437
1 1309884.8079 195348.6437 76335.6303 48817.5878 26161.9045 9868.9152
1 1373964.1622 101463.3083 21910.0112 9893.8971 8126.1764 5536.8222
1 2260981.3943 360962.1723 68036.4851 18109.2991 9074.5481 6622.8053
1 3270252.6449 171035.349 36188.2919 12114.4423 8940.6588 3486.3833
1 2767403.9521 173329.1225 28060.6689 7078.0437 876.2878 1372.324
1 1519399.0852 248675.3544 38488.1896 8408.3464 2880.7005 1480.0962
1 1844551.9534 174964.052 51415.8792 13202.3679 4669.2121 1881.3802
1 1987416.7295 306290.9667 31055.0877 7446.7676 7534.3083 3115.6023
1 829584.3215 193105.7569 97784.961 15330.1877 6143.9503 3994.4191
1 2513795.3249 104818.6227 34025.6551 10949.6087 3221.0156 1485.364
1 1913932.0202 524516.6428 57439.142 29548.9174 14744.638 3779.0916
1 2098457.6088 150382.5764 82745.7099 11035.0385 6188.9014 4239.4251
1 1595298.1079 1070751.6667 101538.3912 56770.6079 8136.3765 8379.305
1 863472.6349 159367.4178 119194.4906 18136.8909 15360.8337 5196.1137
1 1083100.602 72675.5959 41439.1826 28659.8678 7619.7323 6973.4247
1 845656.8466 98341.6098 18295.0903 17736.9752 14924.0914 12623.2341
1 1038605.2131 56995.8766 12498.1347 3915.1686 4890.3495 6486.9006
1 915068.7645 76801.0254 19168.8085 6823.4159 4972.8777 8112.9778
1 860776.7092 53391.7496 18635.0502 6370.5805 2736.4704 10305.6662
1 1088131.9977 55597.327 10003.2286 6922.4957 3610.2924 7402.1597
1 1891927.6404 126031.765 21569.4734 8398.5532 8759.0597 7083.714
1 979287.2521 126445.1435 66366.1863 12639.4145 7442.9729 10259.4231
1 597539.1637 90285.4372 30954.1268 14660.2783 3601.3293 4882.3863
1 1941101.9168 138136.2732 21601.6327 9977.2635 7694.4501 4871.8532
1 2307228.0521 149770.2881 22609.5088 8265.0966 4462.1996 4276.24
1 675144.824 508580.5051 82974.8866 16716.2144 5997.4437 4935.454
1 1603403.9631 120296.181 70881.8109 24010.5331 8012.1173 5791.1601
IBTS-Q3s_exclSep
1998 2017 
1 1  0.6084662 0.6084662 
0 6 
1 878118.9844 645282.5125 394775.7745 101299.164 22587.3761 10376.5557 10001.7745
1 3168690.4697 400389.3075 272807.189 170766.4089 60023.8346 19398.8449 20540.2287
1 1569997.557 1318261.894 317654.0975 175758.1912 100221.4838 18201.9776 18679.7953
1 2253252.8179 422706.8602 270277.8982 107961.4953 42351.0032 28588.879 15111.2214
1 3226030.5983 2498914.0623 435987.6232 408283.395 89371.1962 35357.5963 36840.6533
1 840380.2132 759112.9052 753802.3757 171992.731 125792.604 17695.2324 26217.1045
1 2292866.2253 561897.4617 372128.1877 495077.0893 102833.6161 62826.9245 28840.5963
1 1385491.8609 526521.27 150767.6267 108759.8456 118972.8082 38251.9273 44999.534
1 1214831.7695 304835.713 196783.8204 83486.9658 43728.2788 47597.1081 31334.592
1 2611232.5751 164629.0276 104454.0696 118998.5749 53310.2963 30722.4613 74294.6931
1 718391.5692 202804.4428 123866.2761 64565.4956 34080.9283 17495.1609 49776.5839
1 3284815.1584 238169.8072 101639.5285 65651.9276 25054.1196 10929.7539 32023.1668
1 1501516.2174 575404.165 196600.9284 92382.7077 32588.1928 13516.3434 42828.5849
1 923458.3971 369366.5063 200487.7831 115821.311 51722.9902 21646.7112 40373.4244
1 889828.119 238466.0899 99115.9683 68541.7588 34820.1858 19289.5889 34902.1981
1 2309657.1378 300894.266 152504.1075 127889.5552 80594.0083 36293.6485 66515.4493
1 8427926.8453 584389.024 217071.6902 87804.6539 67059.2634 36073.169 46064.878
1 589455.4425 881010.861 404271.2739 142034.8862 65271.7087 41584.2921 79762.1526
1 1996589.7919 202469.2357 412116.7665 231767.6232 67726.3819 37590.0578 74818.9798
1 1046943.8423 327158.3274 94028.8826 221511.0252 113232.3213 30673.2536 68069.5786
IBTS-Q3s_inclSep
1998 2017 
1 1  0.6202153 0.6202153 
0 6 
1 1000086.2336 493980.4398 292536.4046 97677.3424 24848.2023 10257.0338 9182.3625
1 4836015.5339 338938.941 215493.0874 126917.0294 49126.1478 17006.5773 14474.6481
1 1866972.7265 894820.8579 266488.0006 119662.644 65216.1591 16214.5061 17809.012
1 1958095.1863 374426.1109 226409.4621 96281.5194 40481.208 23882.6955 13870.6736
1 2473249.066 2318139.5993 456567.838 354936.3638 78080.123 30084.3739 29276.0915
1 958529.578 555891.3454 579263.7635 148959.1569 107437.4591 17574.8805 22625.0654
1 2340719.6597 453566.733 291458.4679 424585.9067 91676.3463 46874.6538 26328.7365
1 1233765.6053 454031.851 117388.1735 84937.8466 94900.4448 29168.3587 31881.2579
1 1129236.8454 339150.0546 202037.9448 79233.8506 43641.0414 48778.5647 31777.9855
1 2304073.1336 155047.3212 95379.1219 101062.3215 47663.9531 28201.4548 67126.0157
1 594488.6785 179623.4389 116753.9729 59618.6608 33432.5365 17404.9213 47527.709
1 3047602.241 236063.2622 95578.5625 61232.6559 24908.8614 10985.5706 31017.9184
1 1424876.3139 592886.4637 177307.902 80698.2908 34069.9641 13885.5803 42659.1614
1 859860.4701 367929.0262 180831.253 99284.0103 47332.9118 19796.4689 36864.6083
1 813460.926 240806.6911 91607.4188 64858.7625 35216.2763 19495.9827 34580.8232
1 2068287.4306 305874.0514 141852.5926 120648.2236 79822.7695 35959.5136 63388.9361
1 8049796.4545 515385.7149 196219.7548 85967.5779 73558.7733 40693.5492 50865.291
1 589622.4067 836532.7142 354265.0976 124587.4281 63013.1404 41001.202 74837.5955
1 1960801.5653 196972.9134 363273.5762 210365.8051 63126.0672 38589.9575 76121.9452
1 925579.3799 327098.7628 86805.7806 204396.7097 110952.3521 30198.8359 64296.44
