North Sea Herring natural mortality - m (units : NA )
1	5	
1947	2016	
0	8	
1 
0.8965553 0.7070241 0.3970898 0.3663949 0.3420698 0.3223452 0.3162028 0.2932376 0.2932376
0.896555 0.7070248 0.3970897 0.3663947 0.3420698 0.3223451 0.3162026 0.2932372 0.2932372
0.8965542 0.7070258 0.3970895 0.3663943 0.3420697 0.3223448 0.3162021 0.2932365 0.2932365
0.8965543 0.7070253 0.3970895 0.3663943 0.3420696 0.3223448 0.3162022 0.2932367 0.2932367
0.8965558 0.7070229 0.3970899 0.3663951 0.3420698 0.3223454 0.3162031 0.2932381 0.2932381
0.8965573 0.7070215 0.3970903 0.3663958 0.3420701 0.322346 0.3162038 0.2932393 0.2932393
0.8965533 0.7070284 0.3970892 0.3663938 0.3420697 0.3223446 0.3162016 0.2932354 0.2932354
0.8965504 0.707031 0.3970884 0.3663924 0.3420691 0.3223434 0.3162001 0.2932332 0.2932332
0.8965545 0.7070227 0.3970896 0.3663946 0.3420693 0.3223449 0.3162025 0.2932374 0.2932374
0.8965637 0.7070106 0.3970921 0.366399 0.3420707 0.3223482 0.3162074 0.2932453 0.2932453
0.8965647 0.7070149 0.3970924 0.3663993 0.3420717 0.3223488 0.3162076 0.293245 0.293245
0.8965329 0.7070629 0.3970835 0.3663837 0.3420678 0.3223374 0.3161902 0.2932163 0.2932163
0.896536 0.7070442 0.3970845 0.3663857 0.3420661 0.3223379 0.3161927 0.2932221 0.2932221
0.8965754 0.7069807 0.3970956 0.3664052 0.3420704 0.3223519 0.3162145 0.2932585 0.2932585
0.8966096 0.7069505 0.3971048 0.3664211 0.3420776 0.322365 0.316232 0.2932848 0.2932848
0.8965699 0.7070365 0.3970935 0.3664007 0.3420767 0.3223519 0.3162087 0.2932433 0.2932433
0.8963736 0.7073024 0.3970389 0.3663057 0.3420481 0.3222802 0.3161029 0.2930726 0.2930726
0.8965513 0.7069507 0.3970896 0.3663958 0.3420576 0.3223405 0.3162052 0.293251 0.293251
0.8967726 0.7066631 0.3971512 0.3665027 0.3420918 0.3224219 0.3163239 0.2934409 0.2934409
0.8967804 0.7067997 0.3971511 0.3665005 0.342114 0.3224306 0.3163192 0.2934161 0.2934161
0.8963717 0.7074668 0.3970366 0.3662989 0.3420721 0.3222865 0.3160925 0.293036 0.293036
0.8953919 0.7086315 0.3967659 0.3658305 0.3419049 0.3219214 0.3155738 0.2922189 0.2922189
0.8974399 0.7051925 0.397343 0.3668467 0.3421051 0.3226419 0.3167169 0.2941433 0.2941433
0.8978791 0.705225 0.3974597 0.3670369 0.3422629 0.3228293 0.3169171 0.2943901 0.2943901
0.8968196 0.7074827 0.3971501 0.3664894 0.3422248 0.3224741 0.3162956 0.2932921 0.2932921
0.894328 0.710802 0.3964641 0.365291 0.3418628 0.3215656 0.3149591 0.2911356 0.2911356
0.8904932 0.7144553 0.3954128 0.3634884 0.3410691 0.320096 0.3129801 0.2881336 0.2881336
0.9076796 0.6879976 0.4002281 0.3719278 0.343106 0.3262446 0.3224328 0.3037649 0.3037649
0.900075 0.7053876 0.3980433 0.3679878 0.3430515 0.3237665 0.3179179 0.2956242 0.2956242
0.8915222 0.7187712 0.3956023 0.363752 0.3420346 0.320698 0.313188 0.2878022 0.2878022
0.8818698 0.7273984 0.3930341 0.3592993 0.3400528 0.3170229 0.3082766 0.280353 0.280353
0.8713194 0.7327215 0.3901562 0.3544751 0.3371008 0.3127479 0.3030852 0.2731239 0.2731239
0.8593691 0.7341041 0.3869195 0.3492394 0.3331128 0.3078709 0.2976821 0.2662211 0.2662211
0.8461517 0.7315335 0.3833439 0.3436118 0.3280894 0.3023749 0.2920477 0.259627 0.259627
0.8327639 0.7273459 0.3792957 0.3375233 0.3221419 0.2962876 0.286009 0.2530696 0.2530696
0.8187654 0.7153238 0.3747833 0.3312715 0.3148039 0.2893166 0.2799124 0.2474062 0.2474062
0.8043777 0.7010988 0.3699339 0.3246117 0.3065211 0.2817134 0.2734042 0.2417752 0.2417752
0.7889868 0.693723 0.3650458 0.3159265 0.2961347 0.2723778 0.264706 0.2337646 0.2337646
0.772392 0.6872393 0.3600685 0.3059541 0.2839697 0.2616976 0.2546756 0.2246438 0.2246438
0.7573031 0.6792442 0.354525 0.2973456 0.2737314 0.2527487 0.2460435 0.2170837 0.2170837
0.7414107 0.6718757 0.344514 0.2860972 0.2612509 0.2427375 0.2361377 0.2093401 0.2093401
0.7265873 0.663845 0.3345718 0.2759717 0.2501418 0.2338307 0.2271801 0.2025478 0.2025478
0.7172914 0.6515736 0.3277575 0.2721084 0.2465746 0.2300761 0.2227627 0.1996415 0.1996415
0.7110829 0.6377937 0.3209044 0.2703141 0.245793 0.2283638 0.2199929 0.1985368 0.1985368
0.7065958 0.6244281 0.3168527 0.2708915 0.246785 0.2284738 0.2192156 0.1986948 0.1986948
0.7025892 0.603968 0.3177469 0.2776747 0.2535637 0.2333929 0.223303 0.20239 0.20239
0.7000766 0.5840028 0.319725 0.2856419 0.2613654 0.2393742 0.2284693 0.2068624 0.2068624
0.6976706 0.5697455 0.3208557 0.2912902 0.2662117 0.2434319 0.231796 0.20929 0.20929
0.6956149 0.5553106 0.3233006 0.2983756 0.2721848 0.248481 0.2360766 0.2120814 0.2120814
0.6983717 0.5486203 0.3270289 0.304805 0.2771983 0.2530521 0.240237 0.2149922 0.2149922
0.7094121 0.553368 0.3299493 0.3089526 0.2785695 0.2552715 0.2428323 0.215775 0.215775
0.7234486 0.5629294 0.3345761 0.3135255 0.2803052 0.2581317 0.2462119 0.217589 0.217589
0.7431392 0.5828287 0.3460554 0.3202844 0.284523 0.2634449 0.2521491 0.2235415 0.2235415
0.7687325 0.6120658 0.3609426 0.3274834 0.2886973 0.2692526 0.2588869 0.2308219 0.2308219
0.7879394 0.6332999 0.37323 0.3342691 0.2938106 0.2757281 0.2657467 0.2384173 0.2384173
0.801732 0.6533508 0.3886273 0.3449506 0.3044885 0.2866804 0.2762943 0.2502256 0.2502256
0.8129805 0.6696337 0.4021713 0.3544945 0.3148123 0.297233 0.2863114 0.2616882 0.2616882
0.816274 0.6671653 0.4056177 0.3577122 0.3203738 0.3038143 0.2920184 0.2689091 0.2689091
0.8158639 0.6576203 0.4061169 0.3593065 0.3254766 0.3100614 0.2970697 0.2757679 0.2757679
0.8168008 0.6495382 0.4047458 0.359248 0.3283538 0.3139323 0.3002624 0.280231 0.280231
0.8192047 0.6424365 0.4012439 0.3574352 0.3289307 0.3154262 0.3015723 0.2823417 0.2823417
0.8204193 0.6334179 0.3954705 0.3540455 0.3279876 0.3153612 0.3015044 0.2828278 0.2828278
0.8204422 0.6237293 0.3877396 0.3491904 0.3253955 0.3135234 0.2999452 0.2814051 0.2814051
0.8191635 0.6120449 0.3776919 0.3427256 0.3212505 0.3100955 0.2969777 0.2783231 0.2783231
0.8173077 0.5994214 0.3655729 0.334657 0.3154057 0.3048594 0.2924872 0.2733752 0.2733752
0.8156684 0.5871932 0.3518383 0.3251469 0.3078469 0.297715 0.2864755 0.2664683 0.2664683
0.8137161 0.5745417 0.3363089 0.3142024 0.2987052 0.2888504 0.2790475 0.2577845 0.2577845
0.8172596 0.5993861 0.3638303 0.3331844 0.3137208 0.3030087 0.2909866 0.2714712 0.2714712
0.8164639 0.5933003 0.357853 0.329183 0.3108021 0.3003801 0.288747 0.2689877 0.2689877
0.8155641 0.5870521 0.35124 0.3246688 0.3073193 0.2971416 0.2860034 0.265876 0.265876
