Fleet  CPUE data BLUE WHITING-COMBINED, 2011 WG, 3 fleets 
103
Norw Spawning Stock Surv 
1991 2003
1      1     0.25    0.33
3      8     
1         6340        8497        7407        4558        2019         545
1        26123        4719        1574        1386         810         616
1         3321       26771        2643        1270         557         426
1         2950        4476       11354        1742        1687         908
1         9874        7906        6861        9467        1795        1083
1         7433        8371        2399        4455        4111        1202
1           -1          -1          -1          -1          -1          -1
1        34991        4697        1674         279         407         381
1        60309       26103        1481         316          72         153
1        31011       41382        6843         898         427         228
1        12843       13805        8292         718         175          51
1        54740       12757        5266        8404        1450         305
1        70303       28756        5735        2430        1708         260
IESNS
2000    2011
1       1      0.4     0.5
1       2
1       48927        3133
1       85772       25110
1       15251       46656
1       35688       21487
1       49254       22086
1       54660       19904
1         570       18300
1          21         552
1          29          75
1          21          14 
1          21          14 
1        1447        3138
IBWSS
2004      2011
1         1         0.1     0.2
3       8 
1       34350     44397       16775         5521        3111      1962
1       18774     25579       26660         8298        2016       728
1       32201     38942       16608         7972        2459       791
1       16343     32851       24794        13952        7282      2509
1        4443     17814       20144        11710        6418      3093
1        3147      6617       16067        15764        8970      4685
1         -1         -1          -1           -1          -1        -1
1       2890       2786        5009         6997        5389      3740